image: map.png
mode: trinary
resolution: 0.100000
origin: [-4.774521, -8.73076658, 0.000000]
negate: 0
occupied_thresh: 0.650000
free_thresh: 0.196000
