image: rmuc.png
mode: trinary
resolution: 0.100000
origin: [-4.300000, -8.000000, 0.000000]
negate: 0
occupied_thresh: 0.650000
free_thresh: 0.196000
