image: rmuc2026.png
mode: trinary
resolution: 0.050000
origin: [-4.41107075, -8.73076658, 0.000000]
negate: 0
occupied_thresh: 0.650000
free_thresh: 0.196000
