image: rmuc_2026.png
mode: trinary
resolution: 0.050000
origin: [-4.44721, -8.67896, 0.000000]
negate: 0
occupied_thresh: 0.650000
free_thresh: 0.196000
