image: map.png
mode: trinary
resolution: 0.050000
origin: [-4.500000, -8.650000, 0.000000]
negate: 0
occupied_thresh: 0.650000
free_thresh: 0.196000
